data/song.sql at master · MatthewB19/data - GitHub,https://github.com/MatthewB19/data/blob/master/song.sql
Sistem-Pakar/sbp.sql at master - GitHub,https://github.com/faizakmal/Sistem-Pakar/blob/master/sbp.sql
