alnav 062/21 - MyNavy HR,https://www.mynavyhr.navy.mil/Portals/55/Messages/ALNAV/ALN2021/ALN21062.txt%3Fver%3DVbl_3soAE1K4DhYwqjSGLw%253D%253D
Transcript - Government Accountability Office,https://www.gao.gov/assets/720/717807.txt
Repetitive Loss (RL) property - FEMA,https://www.fema.gov/txt/rebuild/repetitive_loss_faqs.txt
Help America Vote Act - U.S. Election Assistance Commission,https://www.fec.gov/hava/law_ext.txt
the-facts.txt - CDC,https://www.cdc.gov/std/syphilis/the-facts/the-facts.txt
Accessible Stadiums - ADA.gov,https://archive.ada.gov/stadium.txt
had multiple prior arrest charges - Bureau of Justice Statistics,https://bjs.ojp.gov/content/pub/ascii/vfluc.txt
Verification of Borrower's Social Security Number - HUD,https://www.hud.gov/sites/documents/ti-414.txt
navadmin 183/21 - MyNavyHR,https://www.mynavyhr.navy.mil/Portals/55/Messages/NAVADMIN/NAV2021/NAV21183.txt%3Fver%3DaAzH8850PXz5XCKbTUdKCQ%253D%253D
one gallon of water per person - FEMA,https://www.fema.gov/txt/library/f%26web.txt
